var longArrArrays = [
[3,209,14,0,0,242,180,248,4,229,179],[3,212,14,0,0,202,184,249,4,168,183],[3,215,14,0,0,149,188,250,4,99,187],[3,218,14,0,0,98,192,251,4,29,191],[3,221,14,0,0,45,196,252,4,212,194],[3,224,14,0,0,251,199,253,4,144,198],[3,228,14,0,0,10,205,254,4,74,202],[3,231,14,0,0,203,208,255,4,255,205],[3,234,14,0,0,140,212,0,5,172,209],[3,237,14,0,0,82,216,2,5,15,217],[3,240,14,0,0,26,220,3,5,197,220],[3,243,14,0,0,231,223,4,5,128,224],[3,247,14,0,0,240,228,5,5,51,228],[3,250,14,0,0,176,232,6,5,226,231],[3,253,14,0,0,111,236,7,5,142,235],[3,0,15,0,0,46,240,8,5,57,239],[3,3,15,0,0,239,243,9,5,230,242],[3,7,15,0,0,246,248,10,5,152,246],[3,10,15,0,0,193,252,11,5,77,250],[3,13,15,0,0,148,0,12,5,7,254],[3,16,15,0,0,110,4,13,5,201,1],[3,19,15,0,0,73,8,14,5,144,5],[3,22,15,0,0,39,12,15,5,89,9],[3,25,15,0,0,4,16,17,5,235,16],[3,28,15,0,0,219,19,18,5,173,20],[3,32,15,0,0,243,24,19,5,111,24],[3,35,15,0,0,204,28,20,5,50,28],[3,38,15,0,0,165,32,21,5,249,31],[3,41,15,0,0,127,36,22,5,190,35],[3,44,15,0,0,90,40,23,5,134,39],[3,47,15,0,0,44,44,24,5,71,43],[3,50,15,0,0,246,47,25,5,255,46],[3,54,15,0,0,1,53,26,5,179,50],[3,57,15,0,0,202,56,27,5,109,54],[3,60,15,0,0,141,60,28,5,32,58],[3,63,15,0,0,72,64,29,5,204,61],[3,66,15,0,0,0,68,31,5,23,69],[3,70,15,0,0,238,72,32,5,185,72],[3,73,15,0,0,163,76,33,5,90,76],[3,76,15,0,0,94,80,34,5,3,80],[3,79,15,0,0,25,84,35,5,171,83],[3,83,15,0,0,20,89,36,5,85,87],[3,86,15,0,0,204,92,37,5,250,90],[3,89,15,0,0,136,96,38,5,161,94],[3,92,15,0,0,77,100,39,5,80,98],[3,95,15,0,0,19,104,40,5,2,102],[3,98,15,0,0,219,107,41,5,183,105],[3,102,15,0,0,221,112,43,5,22,113],[3,105,15,0,0,146,116,44,5,183,116],[3,108,15,0,0,63,120,45,5,82,120],[3,111,15,0,0,239,123,46,5,240,123],[3,115,15,0,0,223,128,47,5,144,127],[3,118,15,0,0,146,132,48,5,50,131],[3,121,15,0,0,61,136,49,5,205,134],[3,124,15,0,0,230,139,50,5,101,138],[3,128,15,0,0,203,144,51,5,252,141],[3,131,15,0,0,118,148,52,5,149,145],[3,134,15,0,0,33,152,54,5,197,152],[3,138,15,0,0,4,157,55,5,95,156],[3,141,15,0,0,182,160,56,5,254,159],[3,144,15,0,0,105,164,57,5,158,163],[3,147,15,0,0,24,168,58,5,57,167],[3,151,15,0,0,7,173,59,5,218,170],[3,154,15,0,0,193,176,60,5,126,174],[3,157,15,0,0,124,180,61,5,39,178],[3,160,15,0,0,48,184,62,5,203,181],[3,163,15,0,0,227,187,64,5,13,189],[3,167,15,0,0,210,192,65,5,175,192],[3,170,15,0,0,131,196,66,5,78,196],[3,173,15,0,0,54,200,67,5,237,199],[3,176,15,0,0,231,203,68,5,141,203],[3,180,15,0,0,217,208,69,5,45,207],[3,183,15,0,0,140,212,70,5,208,210],[3,186,15,0,0,64,216,71,5,112,214],[3,189,15,0,0,249,219,72,5,21,218],[3,193,15,0,0,247,224,73,5,187,221],[3,196,15,0,0,179,228,75,5,15,229],[3,199,15,0,0,107,232,76,5,181,232],[3,202,15,0,0,30,236,77,5,86,236],[3,206,15,0,0,12,241,78,5,246,239],[3,209,15,0,0,182,244,79,5,142,243],[3,212,15,0,0,102,248,80,5,42,247],[3,215,15,0,0,27,252,81,5,202,250],[3,219,15,0,0,14,1,82,5,109,254],[3,222,15,0,0,198,4,83,5,19,2],[3,225,15,0,0,129,8,84,5,185,5],[3,228,15,0,0,57,12,86,5,5,13],[3,231,15,0,0,241,15,87,5,171,16],[3,235,15,0,0,225,20,88,5,77,20],[3,238,15,0,0,150,24,89,5,239,23],[3,241,15,0,0,78,28,90,5,148,27],[3,244,15,0,0,0,32,91,5,52,31],[3,248,15,0,0,244,36,92,5,216,34],[3,251,15,0,0,175,40,93,5,127,38],[3,254,15,0,0,108,44,94,5,41,42],[3,1,16,0,0,35,48,95,5,208,45],[3,5,16,0,0,24,53,97,5,24,53],[3,8,16,0,0,212,56,98,5,194,56],[3,11,16,0,0,152,60,99,5,115,60],[3,14,16,0,0,97,64,100,5,42,64],[3,17,16,0,0,46,68,101,5,228,67],[3,20,16,0,0,2,72,102,5,164,71],[3,23,16,0,0,212,75,103,5,98,75],[3,27,16,0,0,18,81,104,5,45,79],[3,29,16,0,0,11,84,104,5,45,79],[3,31,16,0,0,103,87,104,5,45,79],[3,33,16,0,0,64,91,104,5,45,79],[3,35,16,0,0,188,95,104,5,45,79],[3,37,16,0,0,25,101,104,5,45,79],[3,38,16,0,0,62,104,104,5,45,79]
];

var c = 0;
var x = 0;
var r = [0,125];
function cb() {
 onDataCSC(longArrArrays[x]);
 onDataHR(r);
 console.log(x);

 if (x == 10) {
   r = [0,110];
 }
 if (x == 30) {
   r = [0,140];
 }
 if (x == 50) {
   r = [0,130];
 }
 if (x == 80) {
   r = [0,160];
 }

 if (x > 100) {
   clearInterval(iID);
   c += 1;
   x = 0;
   if (c < 10) {
     iID = window.setInterval(cb, 900);
   }
 }
 x += 1;
}
var iID = window.setInterval(cb, 1000);
